example calibration file (for details: https://waymo.com/open/)

name: FRONT
intrinsic: 2084.2156571134137
intrinsic: 2084.2156571134137
intrinsic: 982.6994065605393
intrinsic: 647.3422876254992
intrinsic: 0.05522255992596878
intrinsic: -0.3600927587289719
intrinsic: 0.0006210752927545161
intrinsic: 0.0013973870200010682
intrinsic: 0.0
extrinsic {
  transform: 0.9996870267605353
  transform: -0.0030484762173332465
  transform: -0.02483053200060265
  transform: 1.5443633552511271
  transform: 0.0035381381029361398
  transform: 0.9997996727443175
  transform: 0.019700151246131364
  transform: -0.022670639905103627
  transform: 0.024765502325718128
  transform: -0.019781839477365427
  transform: 0.9994975481317834
  transform: 2.115798553138532
  transform: 0.0
  transform: 0.0
  transform: 0.0
  transform: 1.0
}
width: 1920
height: 1280
rolling_shutter_direction: RIGHT_TO_LEFT

name: FRONT_LEFT
intrinsic: 2075.391188998445
intrinsic: 2075.391188998445
intrinsic: 985.4655784156182
intrinsic: 637.1568049931727
intrinsic: 0.051346764622249554
intrinsic: -0.37087133876183126
intrinsic: 0.0010414911164791107
intrinsic: 0.0018342384030532205
intrinsic: 0.0
extrinsic {
  transform: 0.7051120615229415
  transform: -0.7087135816223076
  transform: -0.02328175077068636
  transform: 1.4965572029950232
  transform: 0.7089749475778316
  transform: 0.7052180815045411
  transform: 0.004688414024506923
  transform: 0.09569994272470195
  transform: 0.01309596891713375
  transform: -0.019812035310260653
  transform: 0.9997179496512937
  transform: 2.116290019664986
  transform: 0.0
  transform: 0.0
  transform: 0.0
  transform: 1.0
}
width: 1920
height: 1280
rolling_shutter_direction: RIGHT_TO_LEFT

name: SIDE_LEFT
intrinsic: 2080.064055303069
intrinsic: 2080.064055303069
intrinsic: 980.5948238817952
intrinsic: 245.6636721596626
intrinsic: 0.050411284139331346
intrinsic: -0.3650510362034637
intrinsic: 0.000946149767515087
intrinsic: -5.812316121003093e-05
intrinsic: 0.0
extrinsic {
  transform: -0.004723640882063629
  transform: -0.9999551081018757
  transform: -0.008213951411064891
  transform: 1.4319059533290988
  transform: 0.9999876141588235
  transform: -0.004736355801230074
  transform: 0.001529203278845284
  transform: 0.11612846845877493
  transform: -0.0015680388264242978
  transform: -0.008206626267242344
  transform: 0.999965095660618
  transform: 2.1162516925648576
  transform: 0.0
  transform: 0.0
  transform: 0.0
  transform: 1.0
}
width: 1920
height: 886
rolling_shutter_direction: RIGHT_TO_LEFT

name: FRONT_RIGHT
intrinsic: 2082.8502801720874
intrinsic: 2082.8502801720874
intrinsic: 959.3047609827593
intrinsic: 652.4119551503982
intrinsic: 0.04638167771100928
intrinsic: -0.3459114006023564
intrinsic: 0.0019086259829370973
intrinsic: -0.000629454041166041
intrinsic: 0.0
extrinsic {
  transform: 0.7082819701515733
  transform: 0.7058712467350413
  transform: 0.00907930564108441
  transform: 1.4948557334044328
  transform: -0.705927681806129
  transform: 0.7081911645334424
  transform: 0.011462222148932773
  transform: -0.09617606394568728
  transform: 0.00166096900350656
  transform: -0.014527818469581132
  transform: 0.9998930861209534
  transform: 2.1153204519999718
  transform: 0.0
  transform: 0.0
  transform: 0.0
  transform: 1.0
}
width: 1920
height: 1280
rolling_shutter_direction: RIGHT_TO_LEFT

name: SIDE_RIGHT
intrinsic: 2073.9306855876575
intrinsic: 2073.9306855876575
intrinsic: 967.0854402511279
intrinsic: 243.42094705496265
intrinsic: 0.04126384589660628
intrinsic: -0.336205415768261
intrinsic: 0.0006514785400913545
intrinsic: 0.0006888253510415191
intrinsic: 0.0
extrinsic {
  transform: 0.008003211252167682
  transform: 0.9999511583163075
  transform: 0.0057991026485382366
  transform: 1.4298523895028519
  transform: -0.9998657018850453
  transform: 0.00808519809639204
  transform: -0.014255096129731198
  transform: -0.1154534702382749
  transform: -0.014301286780529766
  transform: -0.005684237294237912
  transform: 0.9998815743090798
  transform: 2.1150814870584047
  transform: 0.0
  transform: 0.0
  transform: 0.0
  transform: 1.0
}
width: 1920
height: 886
rolling_shutter_direction: RIGHT_TO_LEFT
